0 0   0.00000000   0.00000000   0.00000000
0 1   0.00096226   0.00077338   0.09973107
0 2   0.00093443   0.00069124   0.09971750
0 3   0.00087952   0.00082413   0.09969693
0 4   0.00083484   0.00118469   0.09967328
0 5   0.00081598   0.00177411   0.09964418
0 6   0.00085386   0.00255420   0.09960531
0 7   0.00096187   0.00348448   0.09955174
0 8   0.00115106   0.00452973   0.09947965
0 9   0.00142922   0.00565781   0.09938611
0 10   0.00180015   0.00684206   0.09926856
0 11   0.00226222   0.00807174   0.09912323
0 12   0.00280673   0.00937731   0.09894191
0 13   0.00341755   0.01089212   0.09870383
0 14   0.00408702   0.01297986   0.09836117
0 15   0.00479614   0.01647350   0.09781934
0 16   0.00598316   0.02285575   0.09697197
0 17   0.00883452   0.03265627   0.09580269
0 18   0.00819119   0.04803205   0.09388714
0 19   0.05953500   0.05123058   0.09126545
0 20   0.40000001   0.00000000   0.00000000
1 0   0.00000000   0.00000000   0.00000000
1 1   0.00045075   0.00155179   0.09947591
1 2  -0.00001446   0.00140025   0.09943967
1 3  -0.00037206   0.00184016   0.09943444
1 4  -0.00069176   0.00286705   0.09943903
1 5  -0.00093478   0.00434828   0.09942793
1 6  -0.00112796   0.00619662   0.09938724
1 7  -0.00128386   0.00834968   0.09930822
1 8  -0.00140164   0.01074794   0.09918457
1 9  -0.00147771   0.01332441   0.09901188
1 10  -0.00151289   0.01600806   0.09878763
1 11  -0.00151852   0.01873563   0.09851100
1 12  -0.00152273   0.02147331   0.09818220
1 13  -0.00158349   0.02424345   0.09780063
1 14  -0.00185808   0.02716997   0.09735997
1 15  -0.00283979   0.03069286   0.09682091
1 16  -0.00636809   0.03632817   0.09603380
1 17  -0.01219719   0.04839505   0.09428599
1 18  -0.02178910   0.07331590   0.09029789
1 19   0.03986869   0.05449390   0.08391550
1 20   0.40000001   0.00000000   0.00000000
2 0   0.00000000   0.00000000   0.00000000
2 1   0.00022010   0.00234207   0.09940805
2 2  -0.00068480   0.00326446   0.09940219
2 3  -0.00176805   0.00489561   0.09940418
2 4  -0.00280457   0.00735567   0.09939586
2 5  -0.00368209   0.01064900   0.09936944
2 6  -0.00441810   0.01470750   0.09931613
2 7  -0.00501802   0.01942236   0.09922728
2 8  -0.00547193   0.02466588   0.09909616
2 9  -0.00576819   0.03029769   0.09891803
2 10  -0.00591207   0.03617363   0.09869005
2 11  -0.00594739   0.04216851   0.09841086
2 12  -0.00598834   0.04822263   0.09807955
2 13  -0.00627446   0.05443803   0.09769046
2 14  -0.00731225   0.06124549   0.09721972
2 15  -0.00999323   0.06943733   0.09659702
2 16  -0.01635242   0.07911821   0.09574408
2 17  -0.02205648   0.08616944   0.09465759
2 18  -0.01509039   0.07581519   0.09339527
2 19   0.12374301   0.02276861   0.09267897
2 20   0.40000001   0.00000000   0.00000000
3 0   0.00000000   0.00000000   0.00000000
3 1  -0.00069629   0.00277945   0.09935141
3 2  -0.00236784   0.00440579   0.09937203
3 3  -0.00436247   0.00699874   0.09937721
3 4  -0.00631962   0.01057052   0.09936489
3 5  -0.00808625   0.01511325   0.09933276
3 6  -0.00962117   0.02057054   0.09927266
3 7  -0.01089069   0.02683966   0.09917712
3 8  -0.01185692   0.03377864   0.09903990
3 9  -0.01248683   0.04120941   0.09885639
3 10  -0.01278020   0.04892717   0.09862400
3 11  -0.01280808   0.05672125   0.09834195
3 12  -0.01276332   0.06440773   0.09801011
3 13  -0.01301848   0.07184375   0.09762801
3 14  -0.01421297   0.07884949   0.09719612
3 15  -0.01689398   0.08495393   0.09670505
3 16  -0.02102367   0.08866414   0.09609269
3 17  -0.01699370   0.08538828   0.09540731
3 18   0.01771309   0.06363491   0.09504604
3 19   0.17848761   0.01514426   0.09651875
3 20   0.40000001   0.00000000   0.00000000
4 0   0.00000000   0.00000000   0.00000000
4 1  -0.00194179   0.00300367   0.09931947
4 2  -0.00477119   0.00501975   0.09935012
4 3  -0.00780378   0.00820485   0.09935927
4 4  -0.01075927   0.01243773   0.09934822
4 5  -0.01349476   0.01767091   0.09931330
4 6  -0.01592036   0.02385617   0.09924838
4 7  -0.01795558   0.03090646   0.09914712
4 8  -0.01951371   0.03868287   0.09900342
4 9  -0.02051393   0.04698743   0.09881277
4 10  -0.02091641   0.05555986   0.09857336
4 11  -0.02076909   0.06407835   0.09828699
4 12  -0.02025743   0.07216276   0.09795915
4 13  -0.01971758   0.07936493   0.09759741
4 14  -0.01958249   0.08506821   0.09721030
4 15  -0.01969856   0.08810272   0.09682258
4 16  -0.01778863   0.08585091   0.09648002
4 17  -0.00157740   0.07364231   0.09632932
4 18   0.05508995   0.04628357   0.09636299
4 19   0.21320997   0.00885645   0.09758942
4 20   0.40000001   0.00000000   0.00000000
5 0   0.00000000   0.00000000   0.00000000
5 1  -0.00333296   0.00307168   0.09931001
5 2  -0.00751735   0.00520850   0.09934299
5 3  -0.01165866   0.00858259   0.09935454
5 4  -0.01563137   0.01301458   0.09934368
5 5  -0.01933691   0.01843206   0.09930644
5 6  -0.02266909   0.02479050   0.09923745
5 7  -0.02550257   0.03202251   0.09913021
5 8  -0.02768522   0.04000489   0.09897852
5 9  -0.02905824   0.04853297   0.09877808
5 10  -0.02949636   0.05730054   0.09852818
5 11  -0.02895921   0.06588525   0.09823319
5 12  -0.02753425   0.07373109   0.09790424
5 13  -0.02540905   0.08010852   0.09756077
5 14  -0.02267009   0.08401717   0.09722868
5 15  -0.01843904   0.08398206   0.09694283
5 16  -0.00883780   0.07764108   0.09675305
5 17   0.01856366   0.06175042   0.09681419
5 18   0.08905081   0.03456707   0.09714439
5 19   0.23767313   0.00523708   0.09797525
5 20   0.40000001   0.00000000   0.00000000
6 0   0.00000000   0.00000000   0.00000000
6 1  -0.00472373   0.00299897   0.09932071
6 2  -0.01027401   0.00503486   0.09935187
6 3  -0.01551435   0.00824994   0.09936264
6 4  -0.02047075   0.01246403   0.09935026
6 5  -0.02511178   0.01760839   0.09931044
6 6  -0.02933844   0.02365945   0.09923722
6 7  -0.03298504   0.03058284   0.09912343
6 8  -0.03582239   0.03828612   0.09896223
6 9  -0.03758402   0.04657569   0.09874916
6 10  -0.03801328   0.05511922   0.09848437
6 11  -0.03692158   0.06341501   0.09817524
6 12  -0.03422900   0.07077070   0.09783825
6 13  -0.02991505   0.07627777   0.09750026
6 14  -0.02373102   0.07875031   0.09719910
6 15  -0.01428893   0.07662737   0.09698388
6 16   0.00307212   0.06795417   0.09690288
6 17   0.03988213   0.05094878   0.09702603
6 18   0.11781134   0.02622568   0.09743223
6 19   0.25663429   0.00280040   0.09807446
6 20   0.40000001   0.00000000   0.00000000
7 0   0.00000000   0.00000000   0.00000000
7 1  -0.00598339   0.00279908   0.09934977
7 2  -0.01276929   0.00454621   0.09937579
7 3  -0.01900702   0.00730585   0.09938294
7 4  -0.02485930   0.01093455   0.09936769
7 5  -0.03037423   0.01539758   0.09932494
7 6  -0.03547201   0.02071382   0.09924759
7 7  -0.03995199   0.02689980   0.09912732
7 8  -0.04349960   0.03391380   0.09895610
7 9  -0.04571511   0.04159920   0.09872851
7 10  -0.04616840   0.04962956   0.09844487
7 11  -0.04447048   0.05746360   0.09811480
7 12  -0.04032639   0.06431853   0.09775997
7 13  -0.03348891   0.06916551   0.09741447
7 14  -0.02344476   0.07073868   0.09712251
7 15  -0.00853822   0.06755954   0.09693546
7 16   0.01599511   0.05809831   0.09690556
7 17   0.06050210   0.04150959   0.09706097
7 18   0.14208017   0.01967476   0.09744899
7 19   0.27195957   0.00058796   0.09800713
7 20   0.40000001   0.00000000   0.00000000
8 0   0.00000000   0.00000000   0.00000000
8 1  -0.00699784   0.00248902   0.09939473
8 2  -0.01477450   0.00378749   0.09941278
8 3  -0.02182257   0.00584068   0.09941453
8 4  -0.02842933   0.00856711   0.09939582
8 5  -0.03472472   0.01198705   0.09935051
8 6  -0.04065600   0.01617812   0.09927022
8 7  -0.04599519   0.02122457   0.09914499
8 8  -0.05033988   0.02715878   0.09896490
8 9  -0.05313949   0.03389372   0.09872282
8 10  -0.05375562   0.04115148   0.09841830
8 11  -0.05155198   0.04840175   0.09806213
8 12  -0.04597707   0.05482803   0.09767980
8 13  -0.03654927   0.05933708   0.09731194
8 14  -0.02256739   0.06062049   0.09700974
8 15  -0.00229684   0.05728402   0.09682553
8 16   0.02869688   0.04813583   0.09680688
8 17   0.07939356   0.03292714   0.09697492
8 18   0.16270329   0.01405087   0.09733286
8 19   0.28449127  -0.00156079   0.09783514
8 20   0.40000001   0.00000000   0.00000000
9 0   0.00000000   0.00000000   0.00000000
9 1  -0.00767066   0.00209103   0.09945203
9 2  -0.01609997   0.00281135   0.09946009
9 3  -0.02370008   0.00395682   0.09945570
9 4  -0.03086640   0.00552225   0.09943393
9 5  -0.03780662   0.00758999   0.09938762
9 6  -0.04450330   0.01030114   0.09930700
9 7  -0.05071389   0.01381684   0.09918030
9 8  -0.05595730   0.01826362   0.09899514
9 9  -0.05952852   0.02366048   0.09874178
9 10  -0.06055802   0.02983207   0.09841777
9 11  -0.05812111   0.03632558   0.09803382
9 12  -0.05136314   0.04235809   0.09761817
9 13  -0.03954472   0.04682579   0.09721708
9 14  -0.02182148   0.04839873   0.09688901
9 15   0.00348539   0.04572238   0.09669145
9 16   0.04025886   0.03779560   0.09666795
9 17   0.09594472   0.02470189   0.09683523
9 18   0.18001032   0.00892694   0.09717126
9 19   0.29463452  -0.00360084   0.09761813
9 20   0.40000001   0.00000000   0.00000000
10 0   0.00000000   0.00000000   0.00000000
10 1  -0.00792834   0.00163611   0.09951671
10 2  -0.01660462   0.00169100   0.09951389
10 3  -0.02444423   0.00179414   0.09950361
10 4  -0.03192341   0.00201723   0.09948017
10 5  -0.03931814   0.00249617   0.09943551
10 6  -0.04665611   0.00342501   0.09935870
10 7  -0.05370196   0.00503648   0.09923615
10 8  -0.05992169   0.00756032   0.09905290
10 9  -0.06447466   0.01115392   0.09879586
10 10  -0.06625976   0.01580525   0.09845932
10 11  -0.06403507   0.02122486   0.09805208
10 12  -0.05658943   0.02675883   0.09760372
10 13  -0.04287110   0.03136905   0.09716577
10 14  -0.02187907   0.03372975   0.09680478
10 15   0.00793631   0.03247664   0.09658644
10 16   0.04979923   0.02665160   0.09655563
10 17   0.10957081   0.01642430   0.09672041
10 18   0.19389062   0.00410330   0.09704047
10 19   0.30250007  -0.00541006   0.09742365
10 20   0.40000001   0.00000000   0.00000000
11 0   0.00000000   0.00000000   0.00000000
11 1  -0.00773084   0.00116629   0.09958261
11 2  -0.01621480   0.00052845   0.09956913
11 3  -0.02394777  -0.00045482   0.09955400
11 4  -0.03144668  -0.00164921   0.09953092
11 5  -0.03904022  -0.00288923   0.09949117
11 6  -0.04681128  -0.00395589   0.09942324
11 7  -0.05456295  -0.00456931   0.09931230
11 8  -0.06175414  -0.00440739   0.09914115
11 9  -0.06745800  -0.00315850   0.09889316
11 10  -0.07037735  -0.00061622   0.09855823
11 11  -0.06895432   0.00319290   0.09814146
11 12  -0.06157454   0.00787579   0.09767148
11 13  -0.04678731   0.01259036   0.09720398
11 14  -0.02334758   0.01609167   0.09681445
11 15   0.01018524   0.01698042   0.09657952
11 16   0.05634749   0.01419644   0.09654911
11 17   0.11947903   0.00774646   0.09672037
11 18   0.20387487  -0.00050013   0.09702724
11 19   0.30794337  -0.00680681   0.09733111
11 20   0.40000001   0.00000000   0.00000000
12 0   0.00000000   0.00000000   0.00000000
12 1  -0.00708449   0.00073343   0.09964278
12 2  -0.01494533  -0.00054740   0.09961998
12 3  -0.02221829  -0.00254725   0.09960151
12 4  -0.02940984  -0.00509743   0.09958066
12 5  -0.03687887  -0.00803868   0.09954882
12 6  -0.04477073  -0.01116900   0.09949472
12 7  -0.05296219  -0.01420685   0.09940349
12 8  -0.06096812  -0.01677725   0.09925679
12 9  -0.06785871  -0.01843199   0.09903514
12 10  -0.07222655  -0.01871954   0.09872384
12 11  -0.07225597  -0.01731307   0.09832260
12 12  -0.06592306  -0.01418444   0.09785651
12 13  -0.05128468  -0.00977456   0.09738267
12 14  -0.02669062  -0.00506549   0.09698499
12 15   0.00934911  -0.00143094   0.09675269
12 16   0.05878210  -0.00015507   0.09674250
12 17   0.12456992  -0.00167753   0.09694018
12 18   0.20913489  -0.00490421   0.09723769
12 19   0.31058007  -0.00754239   0.09743702
12 20   0.40000001   0.00000000   0.00000000
13 0   0.00000000   0.00000000   0.00000000
13 1  -0.00605215   0.00039270   0.09969037
13 2  -0.01291550  -0.00139508   0.09966058
13 3  -0.01939959  -0.00421485   0.09964021
13 4  -0.02594603  -0.00790109   0.09962273
13 5  -0.03291511  -0.01233925   0.09960039
13 6  -0.04051345  -0.01739134   0.09956336
13 7  -0.04872002  -0.02283436   0.09949835
13 8  -0.05717215  -0.02831187   0.09938796
13 9  -0.06504542  -0.03330674   0.09921194
13 10  -0.07096292  -0.03715780   0.09895220
13 11  -0.07299247  -0.03914812   0.09860256
13 12  -0.06878753  -0.03868242   0.09818208
13 13  -0.05587958  -0.03553636   0.09774590
13 14  -0.03202439  -0.03009949   0.09738357
13 15   0.00464770  -0.02345865   0.09719358
13 16   0.05583012  -0.01711199   0.09724107
13 17   0.12341842  -0.01228595   0.09749927
13 18   0.20844382  -0.00915230   0.09780068
13 19   0.30976465  -0.00732437   0.09786171
13 20   0.40000001   0.00000000   0.00000000
14 0   0.00000000   0.00000000   0.00000000
14 1  -0.00475532   0.00019264   0.09972002
14 2  -0.01035117  -0.00188533   0.09968629
14 3  -0.01577666  -0.00520916   0.09966504
14 4  -0.02136552  -0.00965488   0.09965065
14 5  -0.02744773  -0.01518054   0.09963699
14 6  -0.03427598  -0.02174845   0.09961687
14 7  -0.04193806  -0.02925337   0.09958033
14 8  -0.05024052  -0.03744860   0.09951353
14 9  -0.05856984  -0.04586874   0.09939896
14 10  -0.06575409  -0.05376955   0.09921858
14 11  -0.06997380  -0.06012607   0.09896237
14 12  -0.06879039  -0.06374012   0.09864284
14 13  -0.05934531  -0.06349376   0.09830996
14 14  -0.03871592  -0.05872896   0.09805349
14 15  -0.00423689  -0.04966061   0.09797788
14 16   0.04620188  -0.03761405   0.09815396
14 17   0.11430348  -0.02481810   0.09852030
14 18   0.20017216  -0.01344920   0.09885899
14 19   0.30445960  -0.00584709   0.09876327
14 20   0.40000001   0.00000000   0.00000000
15 0   0.00000000   0.00000000   0.00000000
15 1  -0.00336418   0.00016358   0.09972931
15 2  -0.00756532  -0.00193144   0.09969522
15 3  -0.01175406  -0.00535991   0.09967310
15 4  -0.01614444  -0.01006589   0.09965982
15 5  -0.02100724  -0.01608483   0.09965125
15 6  -0.02661038  -0.02348731   0.09964362
15 7  -0.03312444  -0.03231889   0.09963135
15 8  -0.04052617  -0.04252039   0.09960645
15 9  -0.04847072  -0.05381980   0.09955816
15 10  -0.05614095  -0.06560243   0.09947435
15 11  -0.06209789  -0.07678798   0.09934724
15 12  -0.06418489  -0.08577660   0.09918566
15 13  -0.05954430  -0.09055392   0.09903219
15 14  -0.04480333  -0.08905417   0.09897629
15 15  -0.01634554  -0.07982832   0.09913532
15 16   0.02921889  -0.06294339   0.09956606
15 17   0.09517668  -0.04081512   0.10012816
15 18   0.18208696  -0.01839018   0.10055538
15 19   0.29331836  -0.00271361   0.10030642
15 20   0.40000001   0.00000000   0.00000000
16 0   0.00000000   0.00000000   0.00000000
16 1  -0.00207692   0.00030734   0.09972026
16 2  -0.00491142  -0.00152114   0.09968880
16 3  -0.00780371  -0.00463795   0.09966473
16 4  -0.01087462  -0.00905227   0.09964874
16 5  -0.01432000  -0.01485370   0.09963954
16 6  -0.01837974  -0.02219354   0.09963615
16 7  -0.02325265  -0.03125257   0.09963756
16 8  -0.02903149  -0.04217831   0.09964222
16 9  -0.03561265  -0.05498210   0.09964842
16 10  -0.04257780  -0.06938655   0.09965529
16 11  -0.04904912  -0.08462063   0.09966604
16 12  -0.05353132  -0.09918915   0.09969624
16 13  -0.05376817  -0.11069766   0.09979033
16 14  -0.04665865  -0.11589309   0.10003827
16 15  -0.02819260  -0.11110593   0.10056414
16 16   0.00667091  -0.09346320   0.10142940
16 17   0.06428791  -0.06303772   0.10249517
16 18   0.15025350  -0.02653817   0.10315497
16 19   0.27488774   0.00156947   0.10256463
16 20   0.40000001   0.00000000   0.00000000
17 0   0.00000000   0.00000000   0.00000000
17 1  -0.00108892   0.00058483   0.09970121
17 2  -0.00270837  -0.00074993   0.09967133
17 3  -0.00438505  -0.00320911   0.09964339
17 4  -0.00617895  -0.00682235   0.09961947
17 5  -0.00821562  -0.01168566   0.09960259
17 6  -0.01066274  -0.01797874   0.09959366
17 7  -0.01368490  -0.02595508   0.09959457
17 8  -0.01740616  -0.03590435   0.09960890
17 9  -0.02186165  -0.04808243   0.09964269
17 10  -0.02693088  -0.06259682   0.09970673
17 11  -0.03225202  -0.07923193   0.09982114
17 12  -0.03711775  -0.09718420   0.10002252
17 13  -0.04035127  -0.11466617   0.10037351
17 14  -0.04004551  -0.12843701   0.10097066
17 15  -0.03312258  -0.13353348   0.10196952
17 16  -0.01424604  -0.12396905   0.10354329
17 17   0.02484838  -0.09461345   0.10567286
17 18   0.10079808  -0.04677130   0.10708474
17 19   0.24087927   0.00235834   0.10629253
17 20   0.40000001   0.00000000   0.00000000
18 0   0.00000000   0.00000000   0.00000000
18 1  -0.00052486   0.00086300   0.09968812
18 2  -0.00115434   0.00008500   0.09964870
18 3  -0.00185746  -0.00150696   0.09961234
18 4  -0.00261466  -0.00392778   0.09957675
18 5  -0.00349481  -0.00724166   0.09954594
18 6  -0.00457385  -0.01159445   0.09952228
18 7  -0.00594094  -0.01721895   0.09950877
18 8  -0.00768093  -0.02441766   0.09951138
18 9  -0.00985358  -0.03353066   0.09954102
18 10  -0.01246760  -0.04487439   0.09961614
18 11  -0.01544963  -0.05863969   0.09976705
18 12  -0.01861334  -0.07474780   0.10004511
18 13  -0.02165763  -0.09264908   0.10054307
18 14  -0.02406858  -0.11092748   0.10142388
18 15  -0.02503977  -0.12637286   0.10293800
18 16  -0.02173655  -0.13258743   0.10531241
18 17  -0.00746234  -0.11944103   0.10865179
18 18   0.04189428  -0.07648632   0.11251512
18 19   0.16448438  -0.00422424   0.11539464
18 20   0.40000001   0.00000000   0.00000000
19 0   0.00000000   0.00000000   0.00000000
19 1  -0.00025387   0.00086983   0.09969032
19 2  -0.00028544   0.00043867   0.09963083
19 3  -0.00043602  -0.00024409   0.09957489
19 4  -0.00060030  -0.00121629   0.09952429
19 5  -0.00080197  -0.00254180   0.09947652
19 6  -0.00105621  -0.00429415   0.09943204
19 7  -0.00138682  -0.00658253   0.09939338
19 8  -0.00182220  -0.00955814   0.09936640
19 9  -0.00238886  -0.01340928   0.09936265
19 10  -0.00310661  -0.01834454   0.09940346
19 11  -0.00398086  -0.02456087   0.09952505
19 12  -0.00499537  -0.03218374   0.09978635
19 13  -0.00615112  -0.04118082   0.10028121
19 14  -0.00752205  -0.05130365   0.10117358
19 15  -0.00947141  -0.06223816   0.10277143
19 16  -0.01134954  -0.07347007   0.10568453
19 17  -0.01102521  -0.08370868   0.11080083
19 18   0.00331482  -0.08208310   0.11907101
19 19   0.05285660  -0.02313296   0.12970544
19 20   0.40000001   0.00000000   0.00000000
20 0   0.00000000   0.00000000   0.00000000
20 1   0.00000000   0.00000000   0.00000000
20 2   0.00000000   0.00000000   0.00000000
20 3   0.00000000   0.00000000   0.00000000
20 4   0.00000000   0.00000000   0.00000000
20 5   0.00000000   0.00000000   0.00000000
20 6   0.00000000   0.00000000   0.00000000
20 7   0.00000000   0.00000000   0.00000000
20 8   0.00000000   0.00000000   0.00000000
20 9   0.00000000   0.00000000   0.00000000
20 10   0.00000000   0.00000000   0.00000000
20 11   0.00000000   0.00000000   0.00000000
20 12   0.00000000   0.00000000   0.00000000
20 13   0.00000000   0.00000000   0.00000000
20 14   0.00000000   0.00000000   0.00000000
20 15   0.00000000   0.00000000   0.00000000
20 16   0.00000000   0.00000000   0.00000000
20 17   0.00000000   0.00000000   0.00000000
20 18   0.00000000   0.00000000   0.00000000
20 19   0.00000000   0.00000000   0.00000000
20 20   0.40000001   0.00000000   0.00000000
